16994
20607
12209
31601
2655
15480
10543
15088
6956
8811
7048
12179
12671
32005
17473
22550
27435
25759
17629
20544
13297
6339
5715
18046
29848
17131
20671
29899
14399
22155
7000
8402
15347
12882
22690
26455
7293
26285
25317
22227
5757
17806
27869
7518
3261
8043
23219
19922
18623
20873
10028
46
10648
2426
10529
20792
13569
25061
19759
1383
16044
15493
6063
21247
6612
32116
744
6014
2328
2986
3460
31799
24713
15040
3393
20029
3586
506
6633
3458
31672
9349
9348
30528
273
12029
3788
3992
21946
28211
22241
28282
15092
17196
11070
21444
20270
30829
31468
18094
16345
31861
22005
17509
19832
9612
12828
16886
22006
25275
26571
1390
22845
32284
31565
6719
11268
21588
1597
25830
19688
9565
21823
6603
4031
25225
3566
7017
4905
7619
28949
942
13415
32280
3361
23717
30065
23927
29910
19538
2370
29621
20034
14302
31351
13012
19951
8692
8216
14469
29277
18538
21686
30955
5039
17700
9142
1698
7077
13877
24812
7168
31178
12616
24172
18843
10223
1599
13468
28171
21207
5401
20622
23281
31540
15129
15501
19256
8914
6948
22262
3738
23059
17772
27466
3686
16795
587
24960
3969
21580
17521
30624
21931
3445
1602
14733
3076
16198
5754
11042
5839
11656
6163
22657
12917
16523
14696
16552
973
25695
26266
20038
32154
26694
31539
21196
16214
29290
14089
14278
20782
23500
31334
23148
24909
2173
3429
17780
26205
4112
30367
15659
19275
19023
9479
20932
2123
5165
28947
27632
19741
24828
14621
1967
8334
27616
7432
4453
6465
7556
7462
6448
5039
31243
8281
20601
2413
11082
9593
1481
28078
31540
9206
4830
13064
21141
24511
28927
24187
4100
13410
26508
19375
19218
7028
2265
1661
22472
29235
28988
23985
7761
17002
31845
4878
6899
4757
25838
19603
6724
326
563
11005
1434
12231
6244
10637
21443
16385
28377
11019
29174
27036
8357
22539
14602
27240
23405
12911
17126
22012
123
557
13369
2205
23566
32595
20075
16737
26356
23880
24019
10131
18011
6996
22570
16218
32229
15970
16191
4502
2042
22533
7149
2827
18530
32442
9546
22209
3347
7021
26658
14250
4423
12350
676
9606
14034
31876
18522
12548
27059
8722
25183
29482
25065
12218
16332
3062
14216
13584
27251
29766
32011
17264
5072
9973
21484
67
28220
25927
12146
11389
9828
6791
14795
17770
4346
8942
3930
8875
24746
31175
17490
13692
30800
4817
26756
19768
11624
25317
32117
1310
3781
23512
4788
16213
903
24483
31850
20782
22087
28353
22579
17578
148
5593
21548
21308
19107
24221
27726
32207
4930
18418
4602
26123
21518
2385
29140
19668
13798
9581
19413
23060
18847
4118
4508
4539
14585
27485
16133
6660
978
8185
8445
14073
7578
21737
32405
7993
32519
2651
22613
3577
10
23501
12754
13897
3585
11634
6530
31640
4654
18647
25296
4987
7272
11462
18028
29866
9744
5227
23781
14155
327
31157
10105
19060
18526
5887
6956
8939
24974
11248
25111
18224
27370
2463
18179
23741
8849
10747
32566
6796
7976
22123
18061
17626
27784
8625
459
5675
24755
14612
23345
14734
15629
20670
3407
14882
28617
12131
20505
3033
2465
7459
7229
4476
15306
14770
14516
17391
29223
32182
18071
24247
23997
27504
16181
13753
871
12959
6242
6212
8906
19361
786
25938
2444
19932
30758
13579
9921
1372
1925
15243
29350
3005
7535
18661
32402
26700
12814
2664
16681
31593
5966
28961
29395
14640
22767
24992
3693
30552
25305
4351
19006
21082
25007
13089
7468
28118
4518
24120
9263
5171
28568
18314
31751
31111
84
15732
25386
9654
8761
687
14337
18909
7427
28370
10067
1265
25572
30744
7938
23459
15831
2660
22773
26503
18481
20354
4693
374
1912
19632
17148
27441
31353
31069
26922
15430
25493
13104
15738
5688
15452
13132
25365
25562
1885
26835
26662
10236
29755
23720
10894
8009
2564
634
29912
14704
19391
6910
26479
11650
2884
2939
526
11675
24145
20108
24953
32197
27097
25122
1387
29209
30623
22216
13007
6184
2564
25643
17970
3993
25117
9945
2681
22035
11273
27465
26575
2653
17794
10780
32482
27331
21169
6562
1103
4796
5447
30880
28762
15307
14793
30288
22243
1443
3883
23466
31638
2446
23713
23010
30305
15631
18866
8754
31787
26566
3214
10969
8131
12437
21153
17764
7958
1537
5992
27180
4262
26075
23940
23840
1335
18463
32269
4036
29131
12572
552
25722
30161
11989
15068
14081
20890
17832
2849
20027
8460
4141
6202
6963
11930
5729
21573
26974
29300
8196
5905
25633
4602
1599
14639
5524
29559
18570
25932
17030
14860
26829
5054
18369
15850
21189
25692
23694
21700
21162
19091
24188
32389
24335
16310
2654
19006
14857
28566
18067
1890
11667
4947
25226
5941
26417
28273
28548
29314
14036
8750
5788
14220
13566
19219
4101
21576
5158
7370
8084
8393
8542
28719
14974
32252
14387
30633
14946
19605
11733
3515
16778
20553
30584
20950
13422
21310
4089
1906
27769
7616
24773
27485
2064
5685
12791
29522
31697
7507
26048
11213
18712
31376
780
10270
32200
27866
21346
14524
24904
13193
6156
23517
29387
9106
6777
7235
7381
7421
7135
21081
16891
29849
26660
31614
1770
9710
4095
7073
32170
24947
3675
23822
5668
19201
23804
25223
30690
31880
15460
32663
10519
8449
13048
19235
9951
15267
1887
16450
21191
28506
14891
24911
22928
23157
17083
4412
30512
23198
4959
5928
15386
19728
10430
52
14271
7940
10357
21395
11349
17004
21249
19681
12247
23268
19679
4278
24141
14054
753
3962
333
26941
11812
2683
20674
5820
14928
28476
12524
19503
5216
32017
4520
28818
9138
26856
21234
10113
29377
29546
21160
14320
19201
9539
1936
19228
18442
9661
19869
6081
9721
24468
18286
19854
20243
26630
31000
21718
27820
23593
37
13960
32584
10369
3293
16481
16895
28370
196
14688
23846
32307
22115
14971
11307
4452
13899
32656
6849
18273
23896
17566
23869
2615
14387
821
2112
22551
22554
9259
19351
8873
9444
31121
21599
14498
28735
5349
6765
28057
20029
19849
7405
29719
22287
2932
21064
7661
13840
10792
20300
30410
10757
2020
27015
27916
23202
5402
22771
31959
10065
30755
7385
4452
21296
6450
10223
4252
12888
10887
6083
17638
15461
229
31581
6461
10291
20549
27936
23429
29925
8396
1010
31007
1068
4091
24477
27067
10694
12838
21620
15469
21572
10279
31289
31492
13073
15699
8766
22423
32176
8621
30923
22624
16453
5210
21952
30157
20823
4693
123
24277
21716
23908
27388
22409
28757
28491
10311
26091
5284
11583
8714
16642
124
28573
20864
13870
24719
12764
32661
30906
12493
32449
20555
4016
17124
27857
7516
22001
3587
16140
25633
16516
11236
32216
19122
24367
9993
7228
79
19268
32326
32078
31999
30910
383
28143
25718
7564
27571
26293
4156
9005
24121
10793
1292
22141
8522
4915
22395
18895
19904
10194
17370
7483
17437
17424
32092
8506
5327
28982
30844
1904
15795
15676
13465
5576
24791
9859
18659
4038
22660
28615
14459
18969
19580
28751
20950
7280
11392
13414
7523
9615
13333
527
8045
5538
23432
5621
28994
29393
23088
11425
30101
3092
7667
11247
11297
3657
23563
195
26767
28548
7946
1272
28826
9382
30236
409
17777
21809
10637
8532
7260
346
6283
26411
19107
20064
9260
32109
10412
27933
19379
28901
12387
20187
24079
11345
23262
7272
25764
18454
322
9069
11086
561
17632
11771
2467
29297
17060
30823
20857
20195
5552
14680
1705
21646
27972
28702
17426
10337
14817
27973
29152
17514
13742
18794
12558
17737
19482
15950
8233
11235
9411
5673
23895
26459
21911
9537
27033
15166
56
442
20813
22013
24229
28080
15863
11169
792
10115
21824
26810
20266
5234
2367
4504
26173
31084
15864
8638
7963
13858
26658
16276
14555
13921
2350
22620
22277
3487
11396
14439
2294
28884
18960
29577
24709
651
12797
12746
23526
9528
26048
13406
9935
18380
601
9944
30426
24711
8149
4250
1835
2573
18968
31376
30546
30397
30425
7454
4466
11838
7406
10838
15267
18778
20682
2159
6294
8208
2628
4210
7032
7652
30618
9527
4888
12410
437
13968
28747
1123
26030
1220
19344
1079
1938
14399
28144
19940
25186
8583
24872
4677
14686
13682
19210
4855
28291
6551
6177
12904
8787
21762
14740
18992
212
31020
31308
15269
24539
22314
12121
28329
4746
5412
18322
12999
5656
14345
32380
13951
31696
30081
13934
2269
13405
25123
15858
22865
8260
20457
1133
27066
2482
28896
515
26308
27512
4644
22197
6772
10580
780
25804
11521
7538
31906
27259
26598
7986
7510
24256
12085
26412
19699
5515
9518
29810
7377
28450
11280
22292
30797
5828
14895
1002
14710
5260
13383
5517
30217
13977
16912
7847
6304
5484
20754
29037
6694
14225
14779
105
28558
6274
15023
15485
32708
5832
15967
5157
13796
3427
7901
30716
939
7276
23535
2178
26667
25849
30562
20764
20162
15425
27552
13404
23116
6657
28805
28035
28824
17950
623
19268
6681
2443
24468
1995
2526
26221
28569
25086
25028
7037
18784
23555
1771
30382
19233
17154
6758
15121
30908
25644
27191
7669
5197
4860
28282
8018
9473
25788
9952
16744
24617
17740
27743
25507
10381
18719
2856
17602
6147
24710
14554
28728
18240
20529
15093
6866
18413
4850
20881
12955
1278
2245
14928
9725
32063
5902
24465
9768
3119
7713
2022
26808
13586
26631
6601
11409
9282
29824
18314
1550
23238
17988
14220
13916
14373
5518
31921
4640
22140
3035
29459
15200
27855
27887
21749
12960
11165
20762
7161
843
18359
21689
659
3925
10066
24831
14781
15903
25946
29174
9964
4763
7945
32192
15939
27824
16313
24867
19719
31200
16118
30021
18516
6440
1240
12979
29710
13863
26767
1448
30233
24451
32064
14221
10701
7305
8464
4540
18340
17939
638
7561
13622
26287
4085
9603
4456
26109
1441
23543
20704
857
3459
19126
32444
25530
9664
28696
30083
14042
16703
11585
9307
14232
22130
27043
13437
2970
20596
4036
8935
17974
5717
18242
8784
4755
7346
4116
22881
18699
13704
8978
20770
29652
4681
15288
10163
1760
11312
12071
23356
20225
1746
29804
16678
23633
247
517
32140
27601
10151
9377
3820
5200
16264
13096
16931
14991
30823
17403
8856
4258
32532
18301
15031
9369
24947
11218
14497
16992
30928
28135
19233
11492
20083
15282
19171
29303
11892
3003
992
24694
23761
19931
13085
23081
8382
6467
3221
5866
6716
31681
23923
2954
5613
20031
7813
752
21287
12941
2798
10755
28743
7776
3867
4811
29000
6042
9208
29394
5268
1483
27235
8401
27161
15608
6881
5512
24736
9628
7567
29678
15706
9709
24156
23690
12732
12384
12662
4129
909
7023
23554
9617
31550
9882
5392
22269
3193
20652
4814
10794
27900
25407
30715
30761
3496
22402
13727
6199
10709
30778
13562
12769
24809
25863
23994
31340
3625
23273
19569
24947
21199
26114
19781
28882
1628
24734
28394
25539
303
25456
16845
14663
30039
2846
6034
17864
18854
14081
22209
2044
11014
9510
14012
17676
18448
3992
30709
12278
27355
12001
27741
8240
25874
17870
25632
7054
586
6771
21135
14181
29842
111
16221
5361
28491
22641
22543
31988
25658
10491
13742
24224
5851
13414
10943
13751
31224
12327
11637
7153
2939
336
12836
2462
8833
8794
2553
2444
25519
5665
6633
25643
20425
3120
32231
1519
8320
6719
27738
9462
26508
12026
28110
27115
9211
8708
15593
8234
16841
1340
25249
12580
14256
6975
25261
28421
14145
5934
3129
29333
9012
2481
17118
4188
16381
7995
21457
10506
21152
5008
11099
22806
8645
32389
32393
19364
3343
24071
15652
13484
11946
351
24547
13913
15139
14772
26336
13743
4989
29650
7241
25201
15745
7978
28504
30274
13909
1561
31621
28426
21328
31597
4090
18587
9485
293
19271
31125
4286
19576
8023
14214
5059
19225
20898
18006
25980
3514
19365
22243
27483
15311
20367
14568
13117
29844
25918
25635
26618
16721
4969
7351
29754
31964
14623
14031
18315
21600
7024
15748
29105
17758
31594
257
2109
15601
18503
20452
2658
15446
16868
24552
14083
9899
8053
10689
2320
7159
3704
15432
19987
1387
7655
19160
2822
14056
27058
31480
9064
18881
6764
13626
30352
5313
3396
32099
26432
25968
14392
5579
381
24210
7813
29191
12958
8177
26978
15558
18340
7004
30957
29945
9673
15088
358
26167
29020
15510
2203
95
5835
26317
22435
21119
27138
31402
13519
11508
20467
1820
31198
11987
9846
373
23152
17032
24148
18214
28350
19901
31646
27850
22151
6270
28740
32359
2126
12186
1250
5360
8386
17996
17373
25870
18046
23322
6831
11039
30194
9214
9599
6272
18849
1476
22773
9735
4750
6835
32332
28628
21744
3183
13737
32330
32045
17694
29355
8280
24838
15306
10051
15101
24847
24582
4294
12811
15971
26837
23360
20011
30869
2759
3852
17441
18410
22885
31905
16721
1989
22479
6831
8578
9570
31908
2667
12771
26311
11554
13862
9547
7672
29583
15909
7621
7275
29911
10157
28492
31419
26998
605
32723
2208
7576
30657
26761
31007
15487
31011
15450
7934
27430
32676
6073
19835
30244
4748
23965
12606
5842
2015
17865
13707
5040
13105
8273
18876
16389
30394
29274
6895
7878
27309
20513
5628
11449
3782
6207
17834
5594
14882
29739
24866
23038
15700
16896
7843
9398
27317
19328
7800
23670
30971
28249
551
11511
29710
6568
1004
4313
12311
17596
8805
7821
29401
17180
13455
7282
18244
6603
31217
8254
12103
14794
31511
15776
10215
17375
20034
2084
13198
14741
5214
27734
24229
16260
16948
9258
29284
21714
2529
19099
18921
9210
30855
21139
32136
20684
7234
25867
22627
26550
18014
27251
19514
21057
15815
17236
22404
29918
30144
29748
4542
23011
7384
18618
20995
3537
6170
12818
9181
4312
16005
25747
32347
413
26812
30879
29027
25914
10494
4811
15690
12422
16215
22336
2210
30360
7704
11362
10323
24710
4742
4271
11758
21106
26063
2025
12349
25032
2626
25463
543
193
10430
27145
19346
812
8811
8827
14610
24685
23209
17916
13602
22214
23878
7535
24616
21461
13556
19985
14973
18014
1530
22876
13509
15691
16681
21548
6780
30705
786
6433
2770
19349
29558
31300
29625
559
14590
13805
17212
5741
21804
13028
17170
28923
31890
18374
21107
2818
16194
4522
29226
6639
5509
7685
22252
10357
9424
27595
30184
16597
20723
2007
16287
3165
28052
18573
31990
3118
9180
27838
649
20291
24688
8651
11843
18863
23971
13582
25388
12582
7658
29813
30593
703
27280
624
18698
5624
10922
8462
27560
24827
9806
14435
9774
21024
2560
7212
12657
25266
15981
21686
28067
18166
26716
28411
476
24425
9441
6158
6650
20298
21971
1978
13995
23640
4737
32358
17352
31709
4257
23100
26853
12523
6537
1931
18470
8166
24482
20585
8020
31554
18457
20380
32559
11662
31959
2747
3334
25778
23220
30608
646
25205
4071
28865
24528
13890
32449
23983
974
17451
14492
4511
7878
15662
9486
9752
13103
27831
10594
21643
6340
32615
25672
4922
13784
10004
20939
31058
25321
16401
27524
11866
11383
23471
6413
26833
26390
21507
1209
16403
18883
19690
10370
21885
628
17995
10051
6353
30963
9116
17960
11228
13291
19624
6754
10582
5187
19343
16159
21257
23212
3086
10169
27446
11126
8192
25133
15668
1192
11557
24016
6490
23119
26659
2621
18463
19734
16586
25234
14464
12055
9116
14556
28066
19185
29837
21967
28601
8475
9991
16571
17448
3960
5937
17339
12522
5931
2161
48
20272
13484
27952
10093
12619
32283
23517
11188
8141
31701
21812
32098
12779
28486
16320
10342
17702
31742
15518
26103
6187
26374
14725
30343
3319
24692
25603
22514
22078
2877
25097
11260
5134
14155
29610
25338
9136
463
25120
32463
9935
20441
24592
538
1499
22310
16143
24494
29104
10552
7780
32323
10355
29868
30479
9323
445
28873
10507
24775
1532
10069
28113
17018
5398
4268
21533
30174
24655
13843
10484
6518
15212
20041
29158
24356
2328
2143
23697
19868
18056
30922
18278
13849
31323
23735
18352
12879
2756
10142
20689
16032
16106
3866
24783
17554
28559
2296
22032
10625
10992
28557
21090
13713
20461
16461
20287
26343
25706
10394
18254
1305
10997
21722
6444
2274
15273
13772
1901
11291
9298
12316
31198
13798
21458
27189
25613
22317
21699
11350
29964
11083
7005
1768
29809
12552
27290
13071
28833
20427
5273
24959
8783
15627
6720
27537
10559
22023
28198
6805
1616
16823
24240
31082
30393
28418
27514
25677
5267
17201
2552
19183
24728
3236
7517
22730
6442
3523
9659
30644
663
13368
27244
24757
1179
20572
9138
12054
16678
24814
26522
10682
2144
18187
24102
14002
19946
30298
170
11531
871
30088
26743
30954
31804
17140
28855
17884
16019
29099
12184
9063
26022
4758
2733
22501
31034
15858
27281
21906
24169
20737
20941
1507
17829
13311
23291
24345
14842
15448
25132
30743
13715
32536
23944
3696
24448
10147
10548
12997
22199
9894
19065
3918
11864
19789
28194
31926
32565
10423
9765
22828
12945
12711
10886
21943
27176
9340
8569
11721
10608
5475
12999
32024
9247
5323
27250
10153
21997
30745
11932
2093
18331
6813
19621
22673
9524
10949
24980
2257
2451
22417
8632
30733
8997
29255
17295
17374
5616
22632
4582
8682
16084
14818
26946
30646
15377
3975
9343
9404
24330
21950
15543
12990
27465
24441
8293
24665
18114
21863
1482
14813
32604
13674
15504
13404
18861
26187
17070
32513
23813
13229
8331
32419
20655
17983
20582
10138
24179
27702
13557
10706
11871
17915
25420
8990
4040
11040
17409
19406
17291
23449
20366
20867
15256
20777
27126
21570
29618
17690
8620
14792
18288
15921
21936
19229
27016
15073
1787
20588
24652
19391
22813
7954
11125
12854
1573
19957
30496
22396
18881
1047
22
12228
1958
5483
3408
23990
12594
25063
8891
10780
11856
10970
20792
9182
19869
21120
18407
31792
32713
14803
2725
29450
25151
12453
29139
26584
23816
11244
22362
25204
22508
13917
5355
10321
19163
20284
14220
12793
11660
11122
3152
5305
2660
3296
27237
13466
14489
9203
24148
21140
407
12152
6789
19199
13731
20146
20738
6218
29630
14762
23164
28143
10444
21447
20115
32678
2549
19614
29010
18650
3660
17163
6649
26713
11182
7809
30464
25679
23277
4766
21336
27253
10030
259
16628
24710
19600
11618
19592
22771
10767
30680
7825
16343
2727
4478
11669
21549
2492
24379
26028
16705
5817
32476
26943
27748
23544
8806
20240
19172
3298
13738
378
21563
24407
539
8955
25735
13392
17629
7151
9018
13250
27422
13726
16915
24518
26793
26233
10317
25336
23736
13217
24086
7708
30986
19369
19522
14600
24374
16029
9281
15038
26687
30531
1102
27864
2664
22944
11242
3625
20810
10942
21641
6305
7203
9645
651
7793
5745
25032
25197
624
7872
28217
1601
4029
4032
18112
5979
13478
8090
1456
20558
25801
18820
30522
21271
26233
30100
29165
12183
3940
21201
6270
11847
13426
6032
26821
13095
20720
7166
15369
19703
10477
761
7293
17578
27364
25892
5130
16664
5276
12858
22607
21235
8013
15522
30695
31996
14084
9028
27882
3190
328
3484
14518
21979
14078
28172
27887
10703
5514
15991
17860
5714
27447
27403
14708
18489
17113
24414
8465
8415
29361
27069
24197
21528
4752
26817
9170
8806
7487
30498
16286
880
16671
2512
4846
21679
9229
13376
5170
24683
7816
1796
898
20710
12822
15519
13351
25559
16099
10391
3933
29209
15532
7372
13399
8101
31451
14599
22916
18366
11252
22742
21265
31083
16431
5016
25263
6186
21351
724
13462
29923
12850
17103
11721
29467
14930
24925
28572
3690
6732
12023
13428
21551
13398
9742
27087
9602
10358
23711
11140
21866
18921
13320
1099
30544
962
15130
6015
29108
28883
30319
6179
10527
10960
765
12580
22361
5298
18156
17117
25307
9306
9381
6624
19079
28535
25644
756
31127
32681
18095
24666
6100
12775
30815
9301
10760
9502
21630
21737
5813
31770
12217
31970
25351
30378
7353
11800
15368
9727
24309
30962
8211
16470
32714
32041
15499
22487
14797
30670
21452
30908
11872
29327
16226
29365
6531
30774
25210
20875
30701
29298
8341
18692
21340
5338
11396
6152
10537
31023
17296
9985
7967
20705
10489
25992
31373
20437
30114
11069
3482
13414
4106
8182
3801
4266
24702
28445
3869
14582
5517
19027
399
31652
3261
32601
2557
1555
13180
9521
1397
6896
29785
9344
275
32180
1140
7991
4887
14190
9523
31602
19002
6339
11831
5537
10051
7475
29583
24037
21717
5022
23595
25789
4491
12294
15507
6881
71
27286
18905
18542
21190
20451
14539
32580
632
9843
23918
3244
2959
3452
24232
11839
24150
30957
21053
3587
31429
11954
21757
18902
27218
10548
29499
2576
3081
800
30080
27492
26335
20586
25985
16391
30276
2193
24399
27668
9463
26148
718
24880
27166
24453
6504
32106
15510
7405
17410
20836
20616
4016
17711
4536
21309
3779
15268
14229
6451
7291
24813
5289
29296
14743
8286
24132
6422
27009
6731
29626
28216
19409
26492
25609
30956
28435
12507
30395
23457
16586
28528
15374
13235
16053
26767
26707
5949
19792
14928
32404
9519
22430
3136
3705
23456
7206
14422
2412
10341
19259
41
29436
26594
23169
8799
28799
17952
12717
25705
31740
13856
5260
25710
15944
29551
28231
18308
21614
16891
25061
6182
1108
24613
17425
26851
9372
24343
25118
3923
15305
21848
14920
2895
6819
8093
2365
28257
30172
9187
20700
22394
17139
19130
15420
22243
23641
8932
1264
20086
12499
25374
15753
8718
543
15934
9565
19516
30426
15742
27015
11068
929
5400
30511
6695
28535
10003
17164
10857
30566
10332
10790
4470
21865
7192
20449
7865
11914
6457
7479
19917
11336
3663
17733
18672
17723
30625
29449
28597
30971
15229
1130
13817
829
8396
30328
28439
19007
5097
26358
22880
3175
11700
20246
32197
4391
12514
23427
14295
24867
29079
1444
31218
18838
23350
21024
8628
12017
2168
22685
28852
29382
8635
30926
32113
28901
30109
24748
12425
22469
32714
18435
8748
24613
21010
1329
27599
10226
5055
24362
16933
13420
2853
16576
27467
24453
25978
12578
25923
13449
12520
13730
20643
4
15585
187
29582
5857
21683
4690
26852
6351
2140
11580
20406
12777
30623
17921
3837
8085
21335
20191
395
31916
2316
1298
7745
6364
19652
9043
28803
24395
29979
7583
29929
4221
23958
19001
11831
21368
17205
7154
1680
25126
20295
20904
20710
21754
17538
16141
32437
20950
595
4777
24049
8749
21107
15651
29501
29797
13499
23996
17501
19583
7481
22556
9966
26617
22659
30545
26452
6387
2635
16917
23541
23698
31284
25679
14501
12450
8932
20957
13920
27775
14171
1681
25407
8501
4739
1913
11941
17638
17672
2404
1465
11628
13673
24737
5146
7744
1616
7690
31950
28058
14111
32066
8059
1242
13003
2106
15833
16423
16621
5114
5479
29014
3350
31390
16733
2573
14435
13982
30946
12584
10578
17235
32128
18267
3540
26295
19925
7961
17316
18541
28811
27573
6870
31233
27530
11208
9907
21616
15211
4818
4292
20203
24368
13860
8749
13016
19507
253
30525
20762
24157
13299
4418
7314
6296
29588
15010
19941
18823
10830
28967
29824
26740
16780
19099
6362
16010
30242
1941
21497
12356
19435
18578
56
15141
25776
6471
26439
31658
15948
17974
4467
20349
7182
12416
6696
26603
8031
5114
11700
24728
21413
29570
5197
11889
12647
8084
28246
31459
23729
2840
1502
16202
8890
25214
22890
13485
31428
6413
17396
27560
3652
24696
26163
8361
3139
16051
13597
8288
19460
13828
20907
20592
743
13149
3548
12395
4493
14057
17148
26365
11325
27365
23846
12135
25222
7345
16392
15151
18982
19495
26854
23574
20779
17707
29153
2635
31576
30595
23162
6878
3786
234
14674
14967
29660
7519
15155
72
19527
29123
4948
11584
1422
25763
16601
27522
27289
31059
19866
8725
30879
24892
27173
12509
31562
14198
2822
10442
13334
6810
27462
21583
4347
6353
6193
9238
13899
8753
27228
21490
24541
30026
4071
23573
23915
14843
3072
643
11833
16011
20392
8390
32759
2804
20410
29155
5353
16002
15401
31886
21829
27549
15497
28058
4061
26083
21969
30387
11773
13947
23903
1359
24215
10917
7484
26082
31901
12437
3490
10065
13487
30337
18363
21162
11766
32761
5548
19218
14928
9591
17362
27135
20909
12855
5963
11175
23737
5192
3513
32696
4795
21220
19010
4681
28348
16125
21468
8464
32749
4632
2247
12502
6467
28510
27482
14121
9316
31472
11267
3153
7110
31612
5258
14725
28693
14862
14485
30558
23766
5160
3953
28811
28747
29716
23311
7367
19094
9081
77
18440
22560
11309
13431
6649
2876
15178
9230
12715
22792
14980
30408
10631
32148
5049
21719
6024
19271
21194
20846
23975
2430
6570
24194
24214
9845
6836
11726
27312
16491
3394
8985
31025
18945
20603
15291
418
19940
12396
3934
2456
5547
347
19970
15006
14339
1367
24388
5232
21001
20500
1759
3946
28663
7414
12915
17215
26883
19308
21637
26094
12932
30079
28871
14066
28247
21675
15770
10937
14465
26861
32466
27224
30741
5661
32185
31613
14169
11134
16982
9381
18212
2452
29167
24975
12682
23093
30412
31728
16315
3811
21822
7272
5929
6489
20960
26549
12777
4708
19741
31783
13916
17140
30706
25427
29198
17267
17909
19468
31710
9557
16535
8335
16736
23281
8102
19710
895
20879
19222
18960
1639
29122
10752
16390
30882
31224
25323
21985
21888
26447
29003
210
18109
24746
13383
26610
18782
22533
23231
12339
6620
22021
20622
17558
11140
9171
4364
28319
12062
18219
727
21255
27853
1200
16596
9904
30006
23683
29808
12254
28132
13587
9516
26531
31979
10295
8536
20379
6092
9850
25630
20442
14745
25781
7363
12579
17498
18404
15146
1882
4526
17202
9626
8252
30390
23638
31680
19022
16174
18978
2808
2067
25565
24921
22472
898
48
17346
24749
21943
19234
1402
32283
30441
5982
15502
959
27292
7848
11977
1799
31768
7289
4555
28388
7961
31721
4443
12495
18632
7378
4095
24330
21738
29747
21961
27688
19288
3026
8563
18383
6575
9510
20399
14525
5448
883
3256
6153
22891
8503
17453
20907
21951
21701
17183
20031
8453
10288
16489
10758
25606
26730
16191
23854
28874
12205
10
14675
23051
28442
29555
24645
7913
15265
25534
6156
16096
25120
18522
8233
18934
1743
30646
27679
16697
21467
11094
26418
23400
31569
2597
9583
497
4158
11533
9708
6683
31509
20933
2641
28293
3408
12266
26519
19663
30810
9298
5136
11159
11181
9885
5800
27815
24119
15628
7018
3948
18179
25239
4422
26539
18709
4921
21777
11375
5782
29327
3533
29510
3889
16545
7723
27564
23996
4352
20302
28360
6427
30737
6354
14166
27745
8872
10765
21989
2617
3032
6292
13634
28549
17674
22529
17204
14660
1101
24308
4457
4537
27885
7512
689
30922
17991
10216
22634
27558
5339
15601
13371
12202
18851
1625
25094
17542
31652
15584
32279
16795
24514
4262
19362
8872
29400
31470
20332
18342
2568
23841
712
11248
15696
4374
12997
6311
24670
20112
24486
22101
32166
2568
12434
8656
1969
12461
20365
26722
13496
26026
16807
3878
14449
9383
3955
18869
20521
28050
20923
17410
21779
23967
30322
9091
18656
22925
20970
9106
4239
11564
20552
20754
20871
17436
23348
10581
9443
24535
18389
8253
5389
28401
24828
20898
6542
27039
24991
25076
1316
22391
29578
21026
6677
25206
1617
19130
14532
6983
4745
8785
23682
21186
7479
8997
23206
11444
3977
21505
6112
20446
14020
18529
10186
22336
126
15319
2752
26775
18189
31917
32242
5156
16959
27084
4535
25007
28748
2012
31269
11980
2824
29101
19934
16989
23901
10198
10028
14680
3321
924
23377
12490
11332
20757
15384
20764
10389
21645
6064
7829
26789
16168
27322
13089
12100
22217
30881
17745
5706
21811
15914
8354
13777
17006
29260
29442
19361
20077
2369
5008
30444
28141
28125
9892
23612
16032
25887
17167
17833
30347
20486
31908
4943
25260
16293
30711
4095
14561
3962
27492
32309
16645
31228
12627
29002
6492
23411
20411
18155
6705
5900
6373
21706
7357
21037
18803
7827
10571
31238
18336
10274
20634
18281
26569
14323
13443
13531
23085
7642
987
6891
9713
20980
28059
26306
21863
32733
20286
7932
14223
21027
8811
10934
23262
4603
28116
3816
9535
28467
15710
5622
11608
1128
25986
5505
14606
27513
5619
18051
1355
30267
32641
25499
15102
24431
4413
421
13668
2033
4318
22158
32135
5170
4707
25190
7940
32231
4858
11959
14864
28163
15137
6166
30397
29411
3083
22007
15738
26313
31813
13510
22745
6796
18329
13875
25750
6286
30259
3021
11732
5101
24322
8146
26793
22526
10593
8261
24285
19447
4599
16450
31727
24299
30427
9103
23129
28668
28412
10355
13845
1740
28865
971
26720
28724
19436
25434
20670
4921
31428
2657
20286
4667
3699
7279
13311
3184
15021
2683
18419
5009
17554
22064
21219
10707
22742
8072
17076
23577
3359
12444
22504
19560
4270
31675
31592
16539
20546
16313
8576
2392
4409
18057
24107
21826
18425
29198
3729
17520
11662
2863
15310
20511
22676
1834
6901
23203
23896
14122
20052
31652
14650
5659
19450
23686
3414
10429
3447
14633
27747
9207
27875
22739
16346
19823
21282
4970
2139
19031
7013
14055
32078
20618
20468
24839
20422
28119
9260
8515
5290
22940
20419
30467
6678
1175
12116
15
11263
23290
19991
27462
3094
27837
15599
914
8431
28728
23211
26395
8291
21233
29061
16059
14643
19635
19951
2483
32749
10464
12944
20892
8980
14855
19849
23200
10875
11193
4860
9193
17906
9881
8399
19546
28452
31411
4013
12157
25280
17423
21838
20157
13527
15749
7161
23254
1158
13778
13127
29065
4820
23276
32297
25492
16605
20371
556
5857
14641
16169
31740
22782
18551
25539
7463
13773
10582
12928
22308
9853
18325
8730
22420
11448
16000
16314
6599
11806
5774
1553
12674
9203
1602
10916
13056
29460
14927
21863
23606
48
26879
30350
25436
21556
13525
11936
3752
25863
8818
31949
31069
22136
9653
10113
10756
18293
2598
4921
24057
32637
14997
31638
11818
4183
11262
17071
28956
16389
28592
19116
32303
20212
12462
3473
13858
28277
8278
26455
29913
31601
5696
17985
20574
20823
26473
13677
18727
18778
14481
30122
20375
14810
20449
6281
17094
2591
10705
20919
19589
11853
21833
29321
16029
8084
23302
17369
21848
9384
13376
12817
835
32369
5258
32645
10801
19715
2809
28934
25987
16592
16008
10419
18855
27676
18875
8979
15583
18610
31107
2657
19780
17878
29538
21543
10250
29306
1743
23823
5637
6069
11740
30453
8556
22384
278
7488
18654
9059
8877
17267
25506
8256
25813
29183
6963
18733
12139
9564
7676
26488
26844
9047
28512
12934
26179
15022
30973
11277
9937
8410
16690
3203
24178
25132
27358
21463
5037
6171
25195
21086
21708
23005
23564
15888
18494
6964
1858
10228
7225
28043
7077
26073
6564
22337
8929
17479
24115
13637
9215
5301
468
23267
5094
27644
11082
25565
12065
9484
22551
27838
8418
31710
23456
9579
6983
21674
22924
29179
17629
857
16237
3528
8035
10045
418
25798
19408
28416
8060
5908
20375
22746
12959
23249
16169
17159
3499
12337
29115
24697
11804
7120
8778
26058
1391
23366
8669
628
23943
18427
32523
31300
23630
23613
18108
29452
27295
3727
16948
19097
612
30532
22093
2276
10235
29773
26627
17036
4831
16208
27190
32644
18820
10746
30892
31241
13442
29845
9302
18904
27894
29405
21716
20381
18981
29455
25402
29870
29283
6980
21013
4857
29492
12541
18089
6460
9392
32511
10109
16244
23596
19809
1050
24471
12822
8163
10767
18053
24353
11905
2872
4412
29858
19528
22848
27212
29754
12393
31333
15244
2742
21900
15227
10250
29235
25446
25396
25160
16262
22158
2718
12965
7899
23180
24301
16921
17307
2611
12411
32037
3988
2610
29453
8970
13652
12773
4952
21818
22997
13937
17860
15116
31072
3087
12911
3507
5035
29096
8821
8305
25413
23203
4719
14600
9267
11003
20025
19570
11740
31124
31225
29649
25634
19663
11356
11689
17362
1372
32291
16205
3646
27471
13023
19095
22568
4470
24312
27612
32738
746
12020
29727
20148
28389
13302
4997
18814
18131
22917
2057
29854
684
26767
9329
3860
32640
15278
17281
2276
11348
2217
31598
14524
31020
25406
9622
5335
15465
23839
3693
29473
597
26426
25019
5276
31485
22589
9989
2
31295
15450
25160
28588
15907
21064
11502
22194
28527
22922
23290
16724
4213
5619
134
5273
20016
11370
27503
28981
26511
15595
25935
15792
7953
24014
20907
7109
27282
23628
31854
19721
21861
26175
11414
19149
18594
297
20270
5444
11713
29304
20092
32233
8040
32008
27003
28955
7298
6122
8076
778
29073
612
1128
17367
19525
22840
4185
7927
11597
4393
16554
18905
11373
31420
7259
1480
17105
13116
28954
14610
4001
9984
23663
9066
19157
2289
30007
12683
23115
25414
10579
13342
15638
9618
9121
32222
16666
21505
20011
11514
14038
15326
17567
9146
6016
20825
19200
29798
20823
6792
7322
17508
11829
19371
10043
27296
2147
30900
1696
19761
16818
7
21550
16953
12487
4734
7907
30732
30903
31920
8075
10389
32468
5491
32055
7158
29382
30111
13803
15983
7389
23829
32663
19841
26277
26880
13640
24659
20923
32603
9376
20308
20704
5044
20356
16162
14156
10543
30228
21163
12868
13773
31968
18578
239
19182
856
2004
24166
10005
16005
24491
21002
5356
27639
32434
23066
15240
28927
25930
9349
17389
31262
22333
18940
30677
11964
4258
16204
15789
19741
16897
28907
5601
17042
6071
15568
32089
5100
20635
16008
22852
10806
10209
8583
20500
22436
5695
28092
13257
10438
11855
616
24947
22017
6197
13103
14834
26944
28801
15216
6145
27623
3671
31698
26483
12553
29901
13855
16827
4058
29588
15190
13234
8807
15067
16379
4245
23684
26224
19122
30285
3846
17448
28940
26356
11059
22914
22177
7060
23159
27783
8799
29746
15961
5108
24097
10507
27820
4763
29827
8477
31754
519
16629
4585
13438
4191
26127
19576
14465
21900
24101
23452
14888
926
31258
22392
4251
30316
17017
4674
16841
26235
28353
584
21594
17186
26369
3377
32229
30699
933
6278
356
8507
32656
881
20965
29750
20587
28100
19842
24029
22844
28732
9362
7545
11066
10760
16673
24125
18656
18309
17054
5159
8000
26188
25044
8231
10650
31342
20764
32643
29485
6398
27856
2682
27469
19408
20482
1576
16310
21121
8558
3497
12576
29879
11438
5761
5651
18858
7085
5179
32765
6372
25694
32593
13954
14405
16046
17228
32019
2889
14007
22572
22210
1934
12086
2826
15444
25232
26687
14844
30872
19639
24111
1849
7928
23957
5347
18302
20558
5480
8999
12208
16889
6119
4721
1474
15151
1083
26320
22745
31892
3659
25375
1198
17932
15676
23934
1076
28366
29496
14339
22396
17339
8815
20908
213
8173
21340
920
23863
29586
24650
32375
23522
11515
2582
7232
22850
14320
18998
31266
8470
1863
1530
28348
23505
23733
1810
12432
27456
17123
23889
16565
31342
28100
3505
28109
17605
29991
12950
823
22645
7560
29015
30854
22554
9004
26874
13617
32665
15213
32319
15499
28746
16466
10465
22006
2141
14946
9752
1364
18806
15546
13410
26559
4763
18270
15491
18554
12624
9165
3018
551
3584
28632
919
58
30623
19123
25114
29869
21134
22605
2141
5622
11967
3805
24965
31030
2329
701
20309
23731
15390
9340
16371
30344
25547
9519
20719
7067
14527
29959
9089
21200
9888
4137
17938
10364
8635
3513
22270
22045
32746
9528
17561
4680
22715
7697
20080
7394
12494
23918
11217
23443
29823
1616
31629
6776
1477
24543
24828
17688
24922
30207
29250
11162
7965
10275
23505
10293
20916
6758
23855
14567
2421
15576
762
24938
32391
23829
16937
26980
9796
30237
22676
19166
14306
12895
5815
25847
25683
21527
30386
18137
17769
30682
9365
9965
18494
25967
23515
23115
5843
25313
15924
24693
17655
15826
1928
22340
17515
32530
17208
27426
25667
31857
26279
6010
24463
15569
29945
19309
16187
25215
4122
18119
4916
4035
6914
17201
18124
31157
20792
15784
5216
7507
30613
29741
23608
19153
2635
27582
25262
31536
3110
4742
14739
9234
23313
21073
22734
32205
11739
10050
10822
28606
7995
3784
3331
5856
27154
25294
5008
6812
15089
30002
419
17379
15067
32633
19711
2683
14156
15041
9626
3222
2937
13302
18683
9385
11994
12361
9447
4475
3302
13790
3388
25725
2590
3269
2333
10841
23116
19500
31567
461
3085
18387
10723
5306
28045
29120
26902
10104
11922
1075
28021
12909
25532
2012
2373
14814
20235
2636
22817
22532
4513
6314
9189
11619
10953
21159
29131
11095
26681
10675
7892
27888
11156
8306
27754
4607
10547
7785
22083
20593
1061
11262
11912
12252
27508
10911
17719
9048
7338
23873
7878
30096
28564
21772
32265
15129
20294
5716
17749
16130
17503
2508
29414
7596
29839
3574
15486
475
15190
15582
3663
14350
16398
14856
28955
3084
11563
7335
7066
9408
27842
18959
13084
21062
3656
21613
32623
582
14749
12726
5635
20097
21320
24285
16460
22953
13829
17225
8552
28278
9597
26758
24322
5366
24148
23099
20854
4645
26472
16988
32565
1469
2136
5536
26476
6735
2372
25654
24544
31635
8148
8884
2588
1789
11644
32592
9167
27280
13054
5970
13936
9719
7472
8393
27171
8658
20223
23677
32736
20814
3252
25638
14034
4600
11382
10459
8445
15827
12304
13773
11044
9127
11253
2869
23530
22941
8065
9611
3639
7689
8834
1273
10973
14983
3063
18703
9596
7497
30232
13496
16547
7343
17302
11885
23863
6424
2595
4264
22809
28921
1589
24220
16643
31532
31751
12579
22963
31626
10721
28664
17484
17851
12186
11046
16889
589
3931
10432
23251
18948
11173
31443
27653
2929
26262
12697
24877
28358
18024
32239
7430
11241
17210
22537
21829
1735
8723
32357
26048
26091
292
24829
24277
14159
31053
19649
21258
6002
30947
27460
10225
28330
15281
27318
28239
30908
1084
25106
1404
27306
31308
17816
3597
10956
21159
32638
28593
20258
9248
227
30297
21993
3536
24324
19100
19564
4772
20658
18777
22557
19992
8196
32414
21988
26177
25673
18376
951
24337
6208
24812
26731
13015
24716
24950
28106
21509
5730
27664
24805
31798
27269
5574
19628
27759
13428
18535
25275
677
16865
9262
26231
18560
14950
9377
20058
24415
27508
3258
3979
28060
4236
24133
18354
28945
27569
24713
14602
6875
16925
31274
19640
6237
4403
25166
3931
28040
4021
27903
23524
17498
20279
30417
10408
21925
4563
13252
10931
20242
10271
25963
17247
23141
27484
15438
27686
10755
10224
26766
5301
11953
3095
7623
10049
23198
28373
3642
10014
5540
815
8492
7566
18123
19354
26761
18647
5903
25012
6605
16792
20835
26162
3620
2652
1013
11545
3536
15728
18100
31282
27340
19698
19216
25015
11951
2347
6400
8531
24530
24863
7498
1354
8629
4449
27903
11763
13471
13612
25156
18799
6277
28080
30296
5525
22317
5034
31955
15916
14740
10039
9260
27485
27788
29162
24446
5223
22697
3868
7564
27285
12638
20099
28930
28782
32612
9479
3582
4395
10843
8144
16590
19566
17844
3492
16892
18992
9422
21104
2951
27387
31327
6436
4980
10330
1814
22468
3973
22927
7039
22972
9801
12419
28966
17525
12629
771
7935
18981
29904
13352
11525
32491
28725
21015
2850
1051
11348
15339
28495
32215
10906
25584
24316
1759
22931
530
26546
5801
12973
19093
19191
3509
25919
32006
8562
23579
13001
24433
14671
30310
24702
31188
13285
3236
25087
9684
9878
14270
8554
18095
17143
4358
2195
15730
18993
26639
12177
28012
20392
2753
21629
25826
3802
21420
118
32260
22665
29341
32232
3104
23324
9071
1038
26902
19011
18212
15286
30476
10714
4917
325
27234
16400
19237
2042
28648
29384
14428
17015
847
5183
21555
13437
2526
25327
22604
4599
1382
16564
10532
20282
29560
25902
20203
1675
11477
3942
28819
22241
22822
31412
1319
8173
19182
6880
12126
16216
22460
25479
30576
13132
165
7872
22312
17973
32497
5888
19514
10185
2325
6203
25816
5958
25570
3148
31360
762
5115
13975
3864
16649
17292
21229
60
17771
12345
7088
1239
31028
13653
31543
10480
5912
18005
27763
15303
12590
28036
20179
25633
17396
8952
12646
20192
31380
4036
22848
11222
2149
4463
1822
27867
15285
4517
16461
31517
11718
1581
7879
22200
13334
11547
27808
21639
30435
22855
3744
28217
20719
25341
562
22695
23681
4342
29308
21604
20908
3463
10448
27798
6611
15385
23619
6149
15469
729
9371
28786
2310
23729
5231
29738
8838
18294
16009
1499
20406
25187
10895
7845
13568
20678
31971
26228
23415
13561
21959
9870
10519
22420
11205
19048
11853
20193
9550
25278
27834
14992
13729
24290
31540
26540
238
28757
11021
28878
19387
19604
4760
11921
31112
16692
8426
3141
24238
20017
7902
5352
27021
14980
16732
19538
26342
22259
12506
10415
25990
25389
10786
16434
32037
18710
7254
32520
31885
8800
26674
31115
17151
15451
9362
11961
18642
3598
3124
20196
7005
21638
30910
23210
20503
18798
3843
11816
13053
10208
130
19563
13364
29563
1583
32551
22768
13750
30839
7852
13204
9587
10366
5653
10011
27864
24235
30659
31158
346
8806
13834
31414
16922
12064
21545
16301
20597
14996
9088
15568
22230
28749
24829
15520
12751
18025
18136
31434
12137
3996
26240
26187
22712
28280
24277
20183
31154
3563
17047
380
23361
17161
17182
6275
25494
31755
29516
663
4289
8344
14017
1321
382
18244
12621
15890
82
25687
19115
26746
17623
21967
6764
26873
24404
28840
20529
25853
657
29530
27677
26988
8170
420
23434
25738
2465
3464
19963
30492
3961
20887
22098
24782
18816
16494
11332
3026
1324
3457
8713
31690
2217
13079
8792
9192
8306
6550
19090
26707
11039
17409
30014
20173
6013
9663
18613
8852
2276
1438
7710
3973
5573
4631
21661
30855
21635
2772
25800
3367
10884
9071
18523
25216
4487
893
2604
4958
18232
1995
4705
11171
6913
10471
736
25321
20004
10978
14343
27240
14855
31317
16798
21018
12494
23202
26633
18718
19503
18812
4546
15707
7810
15274
7431
7781
31256
5895
464
18340
17102
3534
20484
21939
32226
16148
24044
27398
5125
16534
15080
10192
31153
30133
14945
22819
12732
22463
11006
9049
24110
4976
3611
11188
21328
8121
25463
1345
24837
12735
23852
25858
18013
12839
4069
24907
872
6033
29515
16493
32072
19042
18112
6802
10378
30151
11856
21224
11703
27127
7140
11266
15397
29624
22713
31611
32531
19748
17169
16604
26869
2989
5161
9151
18701
12127
17002
7477
24379
14181
21475
20582
25110
24527
13559
22135
11067
27794
26451
433
32230
9680
7460
23519
7103
26970
5254
25591
7158
30068
18239
20221
14481
20696
17069
20517
1541
29693
15357
11320
18692
6040
13470
7224
24215
19556
17141
17223
27244
16414
21331
15301
16241
21460
29988
32697
13986
26464
2153
12402
26654
32304
24424
366
31361
8520
10401
19066
31854
8841
13573
1307
31851
9523
28259
14637
21234
4009
4643
7370
21188
19060
1078
27501
21377
28811
20045
14423
19062
21713
8009
16434
26038
224
24307
32245
23916
4357
10734
1799
28527
4491
18922
29351
14615
16701
32281
20619
25424
23846
10215
29383
21740
22939
12262
3825
24382
11388
14087
31363
6372
3254
26640
1664
23268
19212
32074
15963
5115
10264
20090
3604
26161
19340
31507
5028
17073
16574
1194
8091
30680
7268
28074
10504
25996
12187
12361
14489
19407
27695
8635
3843
26515
24086
5541
2724
20944
24125
21972
4199
21717
25224
16943
31721
11228
3860
11498
23258
24800
27839
18173
30629
15539
26858
12501
30547
32075
637
841
3756
18012
18476
25807
4768
45
3065
32496
26598
6308
28666
26617
5603
23202
12381
21748
205
20375
20137
10198
3856
24397
582
11770
15857
8712
4672
8910
26993
6353
31816
19149
19316
16399
3324
15021
30242
12375
19816
7897
19854
16773
27084
5921
17557
25612
30111
31408
24842
9354
12501
6207
19216
3488
12894
18057
27590
23552
7151
22783
24362
14535
15108
19644
15671
28174
15142
16827
32337
18875
19817
5192
32483
8861
26938
10932
26183
13241
2647
19277
29926
16862
4127
3725
32160
16256
8716
16786
3694
25283
15742
19662
3141
25045
20666
29440
17982
18817
1842
31843
17397
8705
11015
8741
21294
22036
16332
19994
6335
4177
14989
690
10410
699
31503
32553
27017
19605
27226
29693
18223
29304
25205
23461
30860
7330
17265
19328
23761
3985
22952
20748
13269
4817
31047
12120
13751
14866
29450
4284
19910
17533
17991
199
31901
1608
13358
17017
9618
4232
6223
22194
19282
2887
10845
18155
32709
30167
3377
2084
2872
16741
20241
2589
3770
31185
16179
18121
9670
28862
15485
26112
19235
7909
24975
18804
1289
12206
12803
5350
7301
27393
11507
1690
25630
29017
26812
13320
20921
32283
7170
32468
28602
9255
14325
22016
26988
14508
30674
5985
13987
24640
2476
9551
10912
29232
13420
1185
27188
9748
7959
5849
3369
16295
7503
17563
28381
11478
9501
11364
29232
18967
20973
10616
15520
16636
6362
18204
11443
13576
4652
29702
3990
12993
31775
2578
23043
5382
23271
32310
26727
21667
23024
19640
2629
30243
21098
30110
23765
2534
6917
7527
14578
29299
1273
9720
14387
25870
10826
21465
5463
22670
29002
21409
27622
22121
26975
13231
6933
25105
25862
9755
20458
27267
29976
7916
31394
31260
10573
8844
13136
6319
14846
22649
20934
5078
32559
13884
15544
8581
22732
22175
13343
4325
27699
20763
6876
32095
23283
9616
926
14326
22227
4153
1285
23259
14103
23006
6408
15163
29438
30795
2964
11612
9615
4866
15477
20200
32405
16429
14458
19337
17641
3542
28116
20405
19951
11098
32704
7628
3683
18203
32102
31072
10326
29814
0
23763
6771
11765
29758
11560
29831
18373
4841
24595
13633
26218
19656
18514
13622
19889
11712
31808
17191
7142
31550
2728
21895
17736
4570
29143
30008
25530
17972
3317
17814
11963
19746
27541
19894
12184
28430
18314
26351
1504
2713
3324
29850
20505
10884
10428
18711
3249
13009
4309
23569
1848
26917
15204
13826
9676
23665
30633
13561
10964
28625
23901
3739
16113
3253
17990
13159
22321
16446
1546
30527
19334
18411
21569
8996
12663
20852
7373
21570
20246
29174
10862
19500
14898
6225
24465
5736
30669
32462
29033
10030
12240
24582
22849
22381
18686
29439
28689
25103
295
29335
26703
18046
21918
13350
6663
13415
20461
4447
21806
25790
2758
10615
11828
1026
829
15754
30936
4546
2613
11322
25920
22880
27160
20633
29513
26645
5324
18505
12316
9269
28130
25825
29186
27060
1296
19603
1657
20458
21729
3596
1671
31891
22955
11164
17742
10266
5314
24983
3297
14103
20459
11259
7510
3350
13587
20306
8732
31898
3649
26842
4495
30817
16842
18916
10954
27114
24260
8826
1468
20789
19900
16196
27007
4554
31148
24237
23780
4348
1319
24897
9555
2415
24535
22873
10194
14296
20521
15867
24675
17668
17735
17660
25491
4380
1351
10343
7760
17447
2977
23331
18427
18384
11239
28879
15038
3689
19632
15601
9760
19249
20182
27984
20438
32722
29921
9118
22236
814
24258
21082
11461
25947
28101
24821
14672
21740
9409
23348
23611
26995
22673
12245
16732
30532
17608
17013
15085
20603
22689
21681
5672
5952
20533
2700
7700
1353
28145
3600
16542
19617
26694
5689
2539
30120
24482
21774
27117
24156
28832
4369
30772
16086
13948
28121
10759
22295
20937
10238
11956
10757
18278
18485
26148
27057
19374
4540
9650
30939
19951
12281
16189
9656
22557
26462
32380
499
5832
19855
4242
31729
7500
19655
2531
7513
14920
30328
32293
4820
28753
26929
24250
24849
26343
19909
4925
27405
26535
12202
91
11665
15299
13471
28900
21500
32176
30609
5409
2626
13086
2752
3177
12341
17197
25886
11503
20995
7390
16119
32222
2560
8647
8663
6056
12198
10508
12201
24218
30682
11914
25884
19381
27249
597
23371
14265
20723
3173
19612
23682
671
30860
24808
151
12719
24235
1245
257
7645
15142
20641
11609
20517
19349
16824
10789
17357
9149
19496
19813
8355
3774
1755
10600
27270
4237
30532
14820
18983
7077
16454
26438
21265
20218
14417
21575
27367
20527
10958
10688
13805
5640
18621
21695
11466
14114
3228
27354
16269
4322
5515
10435
10733
23211
15791
16157
23765
31060
28628
24974
8480
9945
86
19478
22433
16976
3393
12959
31334
23583
10679
20181
17213
21101
22674
55
7032
4566
6731
12910
14574
20067
4635
32222
3138
18617
1631
13948
25704
29584
16449
23775
27492
3431
3733
9625
24661
630
28673
2759
12979
10981
10337
7143
25301
14651
17769
32746
19382
27929
22156
23946
14840
24104
23581
7646
29737
29520
12725
15660
6214
23083
30676
7678
29309
4793
16587
4728
12599
25429
1241
4072
6742
18663
8596
16543
9659
14172
26762
26624
8460
15955
297
19670
16564
26137
8668
7659
16939
22744
25719
1238
887
11275
14805
23316
13299
24117
16575
13658
591
23763
1040
14634
27608
9871
25623
28837
4345
23990
12093
4256
13058
24300
11752
25849
16169
12319
9631
22315
2767
23481
5998
17185
9476
3098
15756
3656
24908
31557
3131
13544
32675
2777
14832
16820
5568
6212
4788
25504
7575
24883
6858
5618
19745
3148
17554
3740
7007
10784
15789
26313
5789
16987
5986
12726
28660
16702
20032
30147
24594
22864
29957
15306
18750
11600
1727
10415
14998
22125
9265
21816
14491
6842
16504
22559
28400
26588
239
13926
12127
26117
21583
11755
25117
14119
1307
3644
19279
13921
19259
5036
18892
19390
8422
30887
29477
10270
24262
12610
12515
32116
25431
1302
17167
1842
18833
31567
19448
30466
29382
19712
18736
6583
26573
20922
7640
18563
21856
6748
4637
31338
10179
11820
27651
2550
2470
7719
1378
813
19021
25238
813
3520
28398
14050
4602
18309
29531
26537
19391
8999
32224
18193
10970
7965
2671
15197
11861
26840
20730
7102
4967
16449
27425
20331
18494
12130
32013
25331
31739
27235
26012
2002
28671
27577
14782
12867
28261
8346
3871
18774
2511
14772
23046
7490
2662
29726
25213
6140
11292
28303
5298
23561
4661
24270
12445
17808
5125
15209
7395
435
18171
11690
24826
12319
27102
24519
2702
17122
5463
31577
548
4222
21936
27663
4862
19515
4571
15012
10814
22721
25526
5134
4430
10469
17805
20729
10110
8900
14560
4467
24303
14606
19047
16617
177
11941
5972
5714
31784
14439
14296
25770
17844
28999
13032
20386
2192
21667
24385
14486
12283
13010
21930
30655
2966
21500
22649
13738
4878
15662
21592
30952
3322
19373
24137
15368
7431
6795
21224
8130
32082
26233
31472
3445
26389
25564
22785
24020
28294
15139
1185
22491
22012
8023
13952
7177
7252
13043
27136
20425
19091
12023
14324
7473
17612
56
20136
23278
8773
20218
11043
28799
20693
9408
30632
19106
1936
9315
13187
29708
19623
2146
2050
9821
4745
23417
28353
26451
12366
8053
3370
1598
14678
22086
26941
3508
30765
8534
23437
32133
4274
27417
25227
24817
3449
20198
15111
5401
23661
13061
25076
21428
32442
18697
25452
22019
28650
26719
6900
9223
2125
30504
18688
25585
24223
21828
8634
15834
27877
32175
14591
10164
31896
21009
28586
11649
7685
17552
17942
2499
12020
21481
14302
8755
13448
3519
1255
15541
3174
2867
2977
140
14617
7092
6281
6090
19894
4632
20211
1291
15547
26604
3846
355
3645
11017
32008
30357
16707
26984
3548
27014
23661
3896
15560
26865
29145
27437
20092
21595
6726
19738
17744
3914
11130
29378
27342
29874
11746
14060
4720
7856
21881
14005
31146
22138
490
24874
26923
16535
2553
9494
31585
6475
22047
12569
11323
5462
3700
31226
5682
15070
24531
31550
138
18089
7224
26106
8917
29071
14956
12773
16826
10799
30949
17585
2292
5858
10215
9116
18077
29677
24304
25410
27565
8699
8531
18869
30142
30922
13859
22223
9746
12836
14162
9927
10710
273
7194
25347
6056
10571
17052
13613
26200
10994
15560
28809
16619
22145
25724
25990
23526
23809
31472
5011
12233
12412
22353
11571
15577
18613
26796
8788
15394
8214
3854
9437
25021
31978
4074
23430
5199
23244
10682
14060
15826
2143
2793
7397
6552
19776
12273
24080
9100
11321
27841
10673
3260
5560
9569
29628
22804
7807
31192
304
2668
3740
26958
3750
31942
23708
12398
17706
22480
26876
26382
29001
14769
3552
8466
12395
32513
22279
5773
2148
19481
30207
5930
7493
15246
18069
19659
31096
22008
30608
4463
7180
14072
11167
23641
16717
889
9871
2671
6552
5429
23233
1504
25197
32635
27356
4361
5574
20784
29631
14490
9127
14357
12986
12532
27127
26951
23549
8918
24206
29452
13648
11065
8079
23500
18693
4728
24056
12894
17707
32436
22135
29574
23301
9591
19584
26811
12987
16535
15260
25645
18254
19038
13060
32262
16081
17639
3950
14064
4823
4299
1831
9176
7464
5886
15458
1778
23736
18931
18896
31230
1753
16903
32112
3529
14511
31004
13737
758
23780
27012
5270
32766
6558
5154
32161
26742
23214
12747
4435
14737
19467
5106
7018
4069
22654
30853
10028
14962
158
21778
11772
32480
7679
23854
5163
29448
26279
18455
26640
4022
17601
6552
5979
24749
22166
29229
3750
30188
10936
10856
30541
31280
3200
15763
1920
4794
29883
18327
6294
27730
29345
6685
30628
6540
8455
11506
9295
9802
31701
28080
29150
1154
10681
12955
16020
13890
3613
21705
13628
22769
14167
13702
19717
30167
32032
13046
31632
15328
25416
20476
19784
1692
5288
4955
22514
22155
2647
25115
15236
7832
13089
22831
9531
2787
12084
27220
2280
9411
29725
16444
1163
30732
27891
11756
8738
7565
27346
11619
27587
20189
31115
12668
1513
26456
27802
20245
17420
30308
14425
369
27508
18169
27507
3547
6222
96
23706
19084
30976
17466
24701
19663
21434
28101
7156
16995
2637
22107
18046
31265
4161
17211
28910
24542
1825
24716
9313
28563
29978
28063
28019
25532
18885
32373
10163
8957
9536
30337
7508
12555
5507
8366
20261
9930
15857
2212
30915
30131
7470
31047
9484
31353
25905
17537
26328
8940
6554
14402
2532
11037
26693
25797
20495
13763
28703
6164
3785
17373
27192
13006
16584
20377
26906
14888
24572
3701
8794
19250
7110
7844
30316
21340
16229
9139
10939
12856
23729
5740
2553
10369
3851
19451
24244
14429
27284
30799
31787
23263
27549
12227
18783
11984
31327
11262
621
1199
22252
22551
9242
27638
358
26621
13744
9631
29295
32535
25865
8167
14304
10791
10473
24402
18878
12404
23953
30959
11114
40
3984
477
11543
14839
26845
6158
24961
8193
29731
26699
7133
27642
10844
21880
2571
20616
32417
9498
16147
10732
23616
21782
16847
8677
19216
32443
29669
19153
11777
27395
25849
30230
20471
15382
26144
18880
13017
20496
29079
22892
21732
16644
15029
18020
24646
9793
31262
11019
30952
31444
19002
21884
7307
19790
10213
5486
18710
7367
27496
8539
23854
1826
19880
22241
26376
11411
19870
23144
21883
27743
2567
23045
16218
24291
25437
30622
13568
12504
31237
7759
20524
17365
23754
18189
30224
14357
31626
28809
32676
17275
12847
20055
15424
31187
32737
29520
618
27227
15995
31541
17133
13954
28219
30613
21035
1519
27069
9200
23475
31685
5674
9500
13334
4390
25517
22504
31991
30966
12838
29440
20322
28897
28195
16
24671
9119
31244
28716
21446
118
14237
20336
12628
11265
17817
23523
12287
28209
17853
929
19335
16785
16115
3642
22606
26574
28617
30037
2409
10102
9505
12441
7415
5888
26922
30925
8881
6413
7823
17981
4291
28141
23534
3680
6875
32357
7051
1209
32639
17327
4934
25339
16291
28867
18634
31856
29819
16597
13832
8347
14222
3871
4580
4381
20748
7136
4397
3797
8289
8869
13267
16971
29450
9671
29268
847
15783
4917
24440
17373
27474
9843
4670
8772
14128
11235
27670
26247
17477
2372
3920
28420
26509
12152
6613
20563
22600
22922
30741
11377
14997
15599
25664
1310
14402
3852
26041
3459
7139
1017
25800
16152
8737
10885
9871
13765
30037
18810
17727
5960
1878
8738
30859
2518
15758
15369
16989
32261
9044
7685
21448
20457
5750
6260
15935
893
8724
1221
17668
8261
31669
7738
25314
28722
22164
22507
22559
9670
315
21519
21677
11640
339
24695
4768
11866
8635
7259
29925
32249
9943
11097
32304
2949
7467
6587
13366
1586
30248
22009
17181
17117
26437
25470
30000
9459
16210
10927
21208
3727
9737
2602
32455
7138
31207
3403
8823
11736
16442
27637
32467
2040
23418
14223
30004
1421
31708
22860
7310
10755
32293
17840
14060
4243
11452
2384
6937
32547
5892
4825
26272
8295
29416
24147
3063
10573
15544
26023
4344
28056
2355
31327
4496
10186
15845
27822
23227
30792
9139
9136
12720
24505
1972
2802
7000
14511
24130
31029
14341
29833
7249
29807
1889
8088
15104
30483
10405
28800
6510
6802
27403
26337
12495
19234
17029
15671
20159
26814
29871
12799
18901
31086
4610
27676
25724
20680
3915
32376
20990
20663
4956
20206
4578
10107
19714
25704
5496
12017
25911
24644
25522
20757
24984
9981
12085
5573
2841
31751
4784
15816
11511
5370
26477
3854
16366
26611
27174
13881
21933
14647
8729
24925
22663
11290
15966
30724
29547
23328
23929
5238
13846
15201
29484
8759
18823
20274
16527
17872
18611
27649
4706
29138
4475
6017
14753
19737
8667
16392
29273
20046
21860
21557
11451
12463
5868
32213
27758
9747
23172
1031
12842
27176
29610
6303
9091
6912
7104
5321
25858
31436
15549
26863
23162
32487
21539
17372
16793
20502
561
13601
23230
8206
6489
20151
5130
30774
16884
2535
27322
26031
1589
29543
30388
9874
23131
25286
21599
15480
29995
16649
24760
2112
3230
8855
31651
21260
19159
14418
17534
26765
3927
23559
1276
9857
20596
15368
15921
9593
12551
27159
3049
24288
7782
20870
21054
29753
2706
22685
26986
31656
5809
12604
15321
30132
16830
7361
2691
20555
28543
10028
19320
6918
23479
7554
22204
20655
19870
17263
21846
23041
8078
3118
9892
11694
28415
23214
12273
12711
2229
3309
19017
16791
25912
22184
17036
32432
18821
12087
8130
19627
24579
22195
9134
8202
23992
13913
14758
417
1981
8243
18338
27476
11503
12789
5522
25122
26600
24357
16117
29027
15662
26238
25255
27469
27049
13975
1274
4797
30043
1472
22537
4661
24139
8492
24137
25632
28610
14166
7009
4190
6586
8605
18236
25340
23700
28977
14172
67
7433
17203
29297
31221
29795
8216
8746
18899
20717
27215
22347
21858
31400
8227
21504
24303
20543
29922
20592
2001
20541
1343
28054
18414
17022
10997
19020
32385
5603
13229
28329
26
17994
32546
397
17894
24254
18563
31866
8752
27626
7961
20902
7720
29396
21033
14414
25827
16328
21532
4940
24484
8593
22749
9708
26458
25840
13187
2812
12137
9286
14128
8738
19885
16276
7992
26483
956
4261
17030
26944
11628
12170
5692
20531
30870
23367
17306
11675
18969
23244
21793
1029
29729
27175
16120
15884
8617
2039
18062
1906
6974
14116
3457
15471
18694
2253
17343
25416
5634
642
17643
25636
6288
13492
9474
29468
9268
5481
28734
24721
10391
29492
8762
17346
464
5221
6232
13213
7651
22141
864
470
7047
25061
7273
11319
17965
17887
8445
30775
4925
4284
23160
27853
1187
14416
13489
7814
5258
26275
10204
470
3687
32489
31151
14251
31034
28340
6596
2120
30481
8041
7487
81
15821
7152
7600
25634
3368
16048
32571
28005
17911
31675
25078
1764
1709
6981
17042
31387
28961
30811
3646
17938
32145
6098
11720
2282
32486
11133
19461
16821
15417
21923
23412
19723
17303
16559
7966
23258
23041
24362
15040
19965
11447
26599
3628
14864
10167
25213
24557
29571
5504
22522
6954
26094
27675
31702
9421
9380
27484
24870
3043
27019
28774
4114
6470
30251
8813
3977
634
2820
23744
14132
17366
26917
31238
23976
26084
4602
25799
14047
12810
14694
4399
30441
6761
7697
17423
3295
22789
15364
19237
2585
2598
3443
2717
2464
17919
19929
983
11238
32142
29515
14699
31413
7875
20997
5227
18790
17380
7754
12008
25939
29232
16491
10167
10895
11203
12069
25460
20692
22713
17455
24264
1212
19350
16148
30184
8500
25830
27199
17758
7470
6688
5716
2060
407
25552
24519
5742
31625
22261
29351
27423
24257
28072
16570
20639
11347
17151
24015
7251
29084
17969
30288
6861
4985
10491
5143
4430
22966
3394
9602
30857
20170
13817
31434
21674
18369
16197
11664
20119
10361
8671
9913
29302
14353
1467
13948
14191
6559
10215
29369
13491
15649
22453
20365
10173
23735
20252
9763
12248
23055
27228
7629
25313
4128
737
11091
8014
27931
29034
6795
16239
26782
31594
22057
4596
10795
12206
25049
15280
29658
30273
14987
26268
9546
22413
4366
25119
27357
16066
4833
6284
27941
15228
13638
32237
5273
1696
13975
23551
13709
20102
18909
8061
14433
3678
8351
2721
4600
29900
18168
28905
8299
7638
1516
24599
16383
9216
16380
23163
11349
19637
31736
1652
481
21481
4629
30517
29597
6909
12096
29381
2303
16099
8881
22857
30760
22914
10690
4486
28766
29276
11778
7842
26812
25198
10629
17194
18216
12119
9599
21850
29574
8637
1809
10392
11051
6893
7779
12353
10389
28097
11251
16296
29529
16071
20525
2908
27740
12191
6459
20394
27206
22949
8990
16483
31284
23505
32254
9696
6318
32731
20158
19266
30424
15010
24020
8702
8172
3022
2136
16026
4839
180
18266
4785
9347
24187
16761
2109
15718
14205
6833
25110
18585
28656
30325
1461
26171
30150
24574
4670
13943
12241
3298
26814
20659
26667
11752
2480
15114
13781
16923
27591
30205
10654
8221
12263
28773
16967
10686
22132
30636
27620
24013
22992
30781
3717
15407
21023
8761
28694
12333
1614
18028
28036
29970
3667
32639
20258
10486
27318
31599
15434
469
13648
31038
4679
22756
20307
20200
8818
36
12426
2968
7068
5687
15330
2588
8876
19571
15658
1942
24201
21301
29719
4725
31547
24695
20619
26020
26701
1189
17430
1025
22133
16813
19646
10257
14455
6230
7419
23538
19270
32722
1286
19857
26988
31638
339
13085
11693
17257
4700
21435
10471
12731
16801
2171
12093
27705
30701
18826
116
31390
2266
7082
20381
16332
6039
29152
28149
2331
14569
22380
7433
10225
30320
30206
19486
18835
5932
19495
17615
314
20800
10254
2808
14442
18677
14948
29651
31103
257
21914
14433
18569
8202
11601
1804
32345
12134
10770
22666
23004
14117
9535
3076
15272
23377
8521
3704
16341
24180
21028
4444
10766
11611
2552
5252
22503
22554
24090
18245
11633
7248
6202
1243
12301
25772
18398
28680
17277
25008
2063
29182
15681
8117
19793
8319
16928
15920
20441
20291
8709
11315
26107
20634
9740
3639
25314
10578
1245
12568
19843
15323
